

0.4727965 0.5770141 0.6332850

  551.42568 -617.3042   31.19828
 -617.30424  950.2011 -287.36661
  31.19828 -287.3666  267.46948
  




62.79862 57.15253 54.07914
0.00000 10.06830 10.81729
0.00000  0.00000 15.59204

> solve(e0$cov)

 0.008480210, -0.009493337, 0.000479789, -0.009493337, 0.014612858, -0.004419325, 0.000479789, -0.004419325, 0.004113333

> e0$loc

[1] 120.5631 147.1386 161.4877



0.011803298, -0.013021515, 0.001383747, -0.013021515, 0.022024474, -0.005268404, 0.001383747, -0.005268404, 0.004080326


0.023863367, -0.014549229, -0.007678366, -0.014549229,  0.020680217, -0.002604613, -0.007678366, -0.002604613,  0.009066458


18.13100,,0.000000,,0.00000,13.38184,,8.105193,,0.00000,11.12956,10.465200,15.65498

0.05515417,  0.00000000, 0.000000, -0.09106070,  0.12337770, 0, 0.02166254, -0.08247677, 6.387743e-02

0.012220409,  0.00000000, 0.000000, -0.075303316,  0.08479187, 0, 0.004830634, -0.06637410, 6.579724e-02



0.09003559,  0.0000000, 0.0000000, -0.15749678,  0.1951192, 0.0000000, -0.02881720, -0.1063943, 0.1733445

0.04941644, 0, 0, -0.10656424,  1.346013e-01, 0, -0.04061453, -7.950196e-02, 1.030287e-01

0.0572367, 0, 0, -0.1186783,  1.411806e-01, 0, -0.0806399, -2.735422e-02,  9.521795e-02



solve(t(chol(e0$cov)))
0.02789284,0.00000000,0.00000000,-0.07360323,0.08429391,0.00000000,-0.02068396,-0.04841362,0.07378274

> solve(e0$cov)
0.006623272,-0.005202919,-0.001526119,-0.005202919,0.009449343,-0.003572090,-0.001526119,-0.003572090,0.005443892

> e0$loc
158.8078,147.9445,125.1749





>,solve(t(chol(e0$cov)))

0.04583349,0.00000000,0.0000000,-0.06704573,0.10867251,0.0000000,-0.04970533,-0.09418335,0.1544777
>,solve(e0$cov)

0.009066458,-0.002604613,-0.007678366,-0.002604613,0.020680217,-0.014549229,-0.007678366,-0.014549229,0.023863367
>,e0$loc
116.83199,110.26242,86.00596



solve(t(chol(e0$cov)))

0.01882458,3.006981e-18,0.00000000,-0.07067083,6.300465e-02,0.00000000,0.01382395,-8.628926e-02,0.05968406
>,solve(e0$cov)

0.0055398332,-0.005645450,0.0008250693,-0.0056454496,0.011415424,-0.0051500940,0.0008250693,-0.005150094,0.0035621875
>,e0$loc
174.1293,155.1146,119.2915


{ 0.0055398332, -0.005645450, 0.0008250693, -0.0056454496, 0.011415424, -0.0051500940, 0.0008250693, -0.005150094, 0.0035621875 };// 
{ 174.1293, 155.1146, 119.2915 };// 
{ 0.01882458, 0.0, 0.0, -0.07067083, 6.300465e-02, 0.0, 0.01382395, -8.628926e-02, 0.05968406 };// 





0.052374674,0.0000000,0.0000000,-0.091283503,0.1223964,0.0000000,-0.008225428,-0.1161083,0.1086425
>,solve(e0$cov)

0.0111434420,-0.01021773,-0.0008936313,-0.0102177345,0.02846203,-0.0126143043,-0.0008936313,-0.01261430,0.0118032002
>,e0$loc
142.88684,118.87482,66.52122



